5866
8516
9934
2940
292
2829
3099
7780
3271
1307
7085
9399
7538
9226
5238
2404
771
6581
5430
2303
9367
3726
8629
765
6988
4815
2255
649
1833
3676
9484
9170
7580
4505
320
1500
1976
2894
5080
3878
8156
7683
9417
9054
3073
7224
3246
9206
9269
2270
9501
9141
8969
238
8145
726
8941
2380
1674
9179
9966
3196
8671
7249
9910
3868
1223
2708
8905
9754
6809
9911
5667
8943
2734
1414
2832
5580
4191
7099
7991
3927
3454
1533
3879
3126
6795
8542
8168
7170
299
1698
153
1842
8390
9445
6742
7408
6449
8314
8118
35
9573
5378
3710
7502
1584
4612
6204
3538
9034
5559
4123
4776
143
7425
537
9679
6418
7199
105
9181
2035
7175
5418
2830
6489
8567
8585
6282
2106
3323
766
7323
5028
8172
6065
6700
3461
4565
4914
6734
6564
5830
6298
3055
7335
9046
3822
740
506
3305
3178
2238
1893
5017
403
1237
8401
5154
4507
4512
3384
8765
1728
1789
7853
539
963
3832
6935
3670
483
3816
9696
4096
1497
5584
6203
2501
5900
6359
910
960
5798
135
2420
2124
9525
9117
6944
7566
1806
1445
7279
4558
2026
131
4226
3605
9294
6953
2296
6347
9254
9223
8682
2610
3800
9741
1732
8322
6334
5672
286
9297
4449
1752
6977
271
6042
194
6423
6762
4641
1193
2879
7236
9448
3105
1685
6267
5273
9216
836
9537
6572
2305
9005
441
2869
9062
5105
3808
5637
1157
1034
7668
4518
9926
7726
4134
4881
906
665
6197
4475
5971
3239
3458
2279
8660
9881
1714
4229
7773
8679
8732
5357
3809
23
5294
4246
8353
6302
810
5754
9836
5256
3145
755
2604
201
2626
3220
8028
6770
833
7369
2219
1923
5904
9760
2098
3693
4367
8527
8814
2884
7917
7445
8202
1017
5424
6820
9178
4948
5482
9131
3525
8435
9318
3328
5592
3142
1543
8572
5820
880
3036
8442
4587
7395
4735
8604
1562
6232
3564
1416
3408
1567
39
1108
9746
4071
1579
2518
8929
2164
1675
4557
6990
8207
4388
8865
112
2924
2390
3212
2880
4430
8494
1961
4573
7636
835
7442
382
8380
3340
8164
2717
3060
6101
4380
3201
6043
4186
1932
3084
2582
1550
5878
9376
8754
5013
3793
5475
6220
4256
2134
2153
1225
7128
1635
6001
3086
8305
8918
2687
1151
1403
8753
7119
9990
2377
6277
3158
8272
8676
8806
4787
5828
9882
8240
839
7106
8273
359
9568
4395
7768
7965
4869
1036
2466
1154
2331
6781
7258
8000
8924
9824
9778
4821
6540
7296
7627
7272
1739
678
7351
5497
75
952
8535
8847
6247
1502
8965
2222
5935
579
2645
9651
817
3739
7075
462
4933
4125
7514
3900
6791
9898
1351
4619
9486
8373
3576
9972
2874
5978
7203
4626
8744
5715
7787
5573
8704
5029
5153
6592
8795
4308
6
9788
9704
7429
6906
3630
76
3009
414
1112
8393
7364
5716
5859
9188
5167
2691
9410
9364
4837
1163
7002
7293
7877
2430
